0.000000000000000000e+00 0.000000000000000000e+00 1.000000000000000000e+00
0.000000000000000000e+00 2.564102564102564014e-02 9.743589743589743390e-01
0.000000000000000000e+00 5.128205128205128027e-02 9.487179487179486781e-01
0.000000000000000000e+00 7.692307692307692735e-02 9.230769230769231282e-01
0.000000000000000000e+00 1.025641025641025605e-01 8.974358974358974672e-01
0.000000000000000000e+00 1.282051282051281937e-01 8.717948717948718063e-01
0.000000000000000000e+00 1.538461538461538547e-01 8.461538461538461453e-01
0.000000000000000000e+00 1.794871794871794879e-01 8.205128205128204844e-01
0.000000000000000000e+00 2.051282051282051211e-01 7.948717948717949344e-01
0.000000000000000000e+00 2.307692307692307543e-01 7.692307692307692735e-01
0.000000000000000000e+00 2.564102564102563875e-01 7.435897435897436125e-01
0.000000000000000000e+00 2.820512820512820484e-01 7.179487179487179516e-01
0.000000000000000000e+00 3.076923076923077094e-01 6.923076923076922906e-01
0.000000000000000000e+00 3.333333333333333148e-01 6.666666666666667407e-01
0.000000000000000000e+00 3.589743589743589758e-01 6.410256410256409687e-01
0.000000000000000000e+00 3.846153846153845812e-01 6.153846153846154188e-01
0.000000000000000000e+00 4.102564102564102422e-01 5.897435897435897578e-01
0.000000000000000000e+00 4.358974358974359031e-01 5.641025641025640969e-01
0.000000000000000000e+00 4.615384615384615086e-01 5.384615384615385469e-01
0.000000000000000000e+00 5.384615384615384359e-01 4.615384615384615641e-01
0.000000000000000000e+00 5.641025641025640969e-01 4.358974358974359031e-01
0.000000000000000000e+00 5.897435897435897578e-01 4.102564102564102422e-01
0.000000000000000000e+00 6.153846153846154188e-01 3.846153846153845812e-01
0.000000000000000000e+00 6.410256410256409687e-01 3.589743589743590313e-01
0.000000000000000000e+00 6.666666666666666297e-01 3.333333333333333703e-01
0.000000000000000000e+00 6.923076923076922906e-01 3.076923076923077094e-01
0.000000000000000000e+00 7.179487179487179516e-01 2.820512820512820484e-01
0.000000000000000000e+00 7.435897435897436125e-01 2.564102564102563875e-01
0.000000000000000000e+00 7.692307692307691624e-01 2.307692307692308376e-01
0.000000000000000000e+00 7.948717948717948234e-01 2.051282051282051766e-01
0.000000000000000000e+00 8.205128205128204844e-01 1.794871794871795156e-01
0.000000000000000000e+00 8.461538461538461453e-01 1.538461538461538547e-01
0.000000000000000000e+00 8.717948717948718063e-01 1.282051282051281937e-01
0.000000000000000000e+00 8.974358974358973562e-01 1.025641025641026438e-01
0.000000000000000000e+00 9.230769230769230171e-01 7.692307692307698286e-02
0.000000000000000000e+00 9.487179487179486781e-01 5.128205128205132191e-02
0.000000000000000000e+00 9.743589743589743390e-01 2.564102564102566095e-02
0.000000000000000000e+00 1.000000000000000000e+00 0.000000000000000000e+00
2.564102564102564014e-02 0.000000000000000000e+00 9.743589743589743390e-01
2.564102564102564014e-02 2.564102564102564014e-02 9.487179487179486781e-01
2.564102564102564014e-02 5.128205128205128027e-02 9.230769230769230171e-01
2.564102564102564014e-02 7.692307692307692735e-02 8.974358974358973562e-01
2.564102564102564014e-02 1.025641025641025605e-01 8.717948717948718063e-01
2.564102564102564014e-02 1.282051282051281937e-01 8.461538461538461453e-01
2.564102564102564014e-02 1.538461538461538547e-01 8.205128205128204844e-01
2.564102564102564014e-02 1.794871794871794879e-01 7.948717948717948234e-01
2.564102564102564014e-02 2.051282051282051211e-01 7.692307692307691624e-01
2.564102564102564014e-02 2.307692307692307543e-01 7.435897435897436125e-01
2.564102564102564014e-02 2.564102564102563875e-01 7.179487179487179516e-01
2.564102564102564014e-02 2.820512820512820484e-01 6.923076923076922906e-01
2.564102564102564014e-02 3.076923076923077094e-01 6.666666666666666297e-01
2.564102564102564014e-02 3.333333333333333148e-01 6.410256410256409687e-01
2.564102564102564014e-02 3.589743589743589758e-01 6.153846153846154188e-01
2.564102564102564014e-02 3.846153846153845812e-01 5.897435897435897578e-01
2.564102564102564014e-02 4.102564102564102422e-01 5.641025641025640969e-01
2.564102564102564014e-02 4.358974358974359031e-01 5.384615384615384359e-01
2.564102564102564014e-02 4.615384615384615086e-01 5.128205128205127750e-01
2.564102564102564014e-02 5.641025641025640969e-01 4.102564102564102422e-01
2.564102564102564014e-02 5.897435897435897578e-01 3.846153846153845812e-01
2.564102564102564014e-02 6.153846153846154188e-01 3.589743589743589203e-01
2.564102564102564014e-02 6.410256410256409687e-01 3.333333333333333703e-01
2.564102564102564014e-02 6.666666666666666297e-01 3.076923076923077094e-01
2.564102564102564014e-02 6.923076923076922906e-01 2.820512820512820484e-01
2.564102564102564014e-02 7.179487179487179516e-01 2.564102564102563875e-01
2.564102564102564014e-02 7.435897435897436125e-01 2.307692307692307265e-01
2.564102564102564014e-02 7.692307692307691624e-01 2.051282051282051766e-01
2.564102564102564014e-02 7.948717948717948234e-01 1.794871794871795156e-01
2.564102564102564014e-02 8.205128205128204844e-01 1.538461538461538547e-01
2.564102564102564014e-02 8.461538461538461453e-01 1.282051282051281937e-01
2.564102564102564014e-02 8.717948717948718063e-01 1.025641025641025328e-01
2.564102564102564014e-02 8.974358974358973562e-01 7.692307692307698286e-02
5.128205128205128027e-02 0.000000000000000000e+00 9.487179487179486781e-01
5.128205128205128027e-02 2.564102564102564014e-02 9.230769230769230171e-01
5.128205128205128027e-02 5.128205128205128027e-02 8.974358974358973562e-01
5.128205128205128027e-02 7.692307692307692735e-02 8.717948717948718063e-01
5.128205128205128027e-02 1.025641025641025605e-01 8.461538461538461453e-01
5.128205128205128027e-02 1.282051282051281937e-01 8.205128205128204844e-01
5.128205128205128027e-02 1.538461538461538547e-01 7.948717948717948234e-01
5.128205128205128027e-02 1.794871794871794879e-01 7.692307692307691624e-01
5.128205128205128027e-02 2.051282051282051211e-01 7.435897435897436125e-01
5.128205128205128027e-02 2.307692307692307543e-01 7.179487179487179516e-01
5.128205128205128027e-02 2.564102564102563875e-01 6.923076923076922906e-01
5.128205128205128027e-02 2.820512820512820484e-01 6.666666666666666297e-01
5.128205128205128027e-02 3.076923076923077094e-01 6.410256410256409687e-01
5.128205128205128027e-02 3.333333333333333148e-01 6.153846153846154188e-01
5.128205128205128027e-02 3.589743589743589758e-01 5.897435897435896468e-01
5.128205128205128027e-02 3.846153846153845812e-01 5.641025641025640969e-01
5.128205128205128027e-02 4.102564102564102422e-01 5.384615384615384359e-01
7.692307692307692735e-02 0.000000000000000000e+00 9.230769230769231282e-01
7.692307692307692735e-02 2.564102564102564014e-02 8.974358974358974672e-01
7.692307692307692735e-02 5.128205128205128027e-02 8.717948717948718063e-01
7.692307692307692735e-02 7.692307692307692735e-02 8.461538461538462563e-01
7.692307692307692735e-02 1.025641025641025605e-01 8.205128205128205954e-01
7.692307692307692735e-02 1.282051282051281937e-01 7.948717948717949344e-01
7.692307692307692735e-02 1.538461538461538547e-01 7.692307692307692735e-01
7.692307692307692735e-02 1.794871794871794879e-01 7.435897435897436125e-01
7.692307692307692735e-02 2.051282051282051211e-01 7.179487179487180626e-01
7.692307692307692735e-02 2.307692307692307543e-01 6.923076923076924016e-01
7.692307692307692735e-02 2.564102564102563875e-01 6.666666666666667407e-01
7.692307692307692735e-02 2.820512820512820484e-01 6.410256410256410797e-01
7.692307692307692735e-02 3.076923076923077094e-01 6.153846153846154188e-01
7.692307692307692735e-02 3.333333333333333148e-01 5.897435897435898688e-01
7.692307692307692735e-02 3.589743589743589758e-01 5.641025641025640969e-01
7.692307692307692735e-02 3.846153846153845812e-01 5.384615384615385469e-01
1.025641025641025605e-01 0.000000000000000000e+00 8.974358974358974672e-01
1.025641025641025605e-01 2.564102564102564014e-02 8.717948717948718063e-01
1.025641025641025605e-01 5.128205128205128027e-02 8.461538461538461453e-01
1.025641025641025605e-01 7.692307692307692735e-02 8.205128205128204844e-01
1.025641025641025605e-01 1.025641025641025605e-01 7.948717948717949344e-01
1.025641025641025605e-01 1.282051282051281937e-01 7.692307692307692735e-01
1.025641025641025605e-01 1.538461538461538547e-01 7.435897435897436125e-01
1.025641025641025605e-01 1.794871794871794879e-01 7.179487179487179516e-01
1.025641025641025605e-01 2.051282051282051211e-01 6.923076923076922906e-01
1.025641025641025605e-01 2.307692307692307543e-01 6.666666666666667407e-01
1.025641025641025605e-01 2.564102564102563875e-01 6.410256410256410797e-01
1.025641025641025605e-01 2.820512820512820484e-01 6.153846153846154188e-01
1.025641025641025605e-01 3.076923076923077094e-01 5.897435897435897578e-01
1.025641025641025605e-01 3.333333333333333148e-01 5.641025641025640969e-01
1.025641025641025605e-01 3.589743589743589758e-01 5.384615384615385469e-01
1.282051282051281937e-01 0.000000000000000000e+00 8.717948717948718063e-01
1.282051282051281937e-01 2.564102564102564014e-02 8.461538461538461453e-01
1.282051282051281937e-01 5.128205128205128027e-02 8.205128205128204844e-01
1.282051282051281937e-01 7.692307692307692735e-02 7.948717948717949344e-01
1.282051282051281937e-01 1.025641025641025605e-01 7.692307692307692735e-01
1.282051282051281937e-01 1.282051282051281937e-01 7.435897435897436125e-01
1.282051282051281937e-01 1.538461538461538547e-01 7.179487179487179516e-01
1.282051282051281937e-01 1.794871794871794879e-01 6.923076923076922906e-01
1.282051282051281937e-01 2.051282051282051211e-01 6.666666666666667407e-01
1.282051282051281937e-01 2.307692307692307543e-01 6.410256410256410797e-01
1.282051282051281937e-01 2.564102564102563875e-01 6.153846153846154188e-01
1.282051282051281937e-01 2.820512820512820484e-01 5.897435897435897578e-01
1.282051282051281937e-01 3.076923076923077094e-01 5.641025641025640969e-01
1.538461538461538547e-01 0.000000000000000000e+00 8.461538461538461453e-01
1.538461538461538547e-01 2.564102564102564014e-02 8.205128205128204844e-01
1.538461538461538547e-01 5.128205128205128027e-02 7.948717948717948234e-01
1.538461538461538547e-01 7.692307692307692735e-02 7.692307692307691624e-01
1.538461538461538547e-01 1.025641025641025605e-01 7.435897435897436125e-01
1.538461538461538547e-01 1.282051282051281937e-01 7.179487179487179516e-01
1.538461538461538547e-01 1.538461538461538547e-01 6.923076923076922906e-01
1.538461538461538547e-01 1.794871794871794879e-01 6.666666666666666297e-01
1.538461538461538547e-01 2.051282051282051211e-01 6.410256410256409687e-01
1.538461538461538547e-01 2.307692307692307543e-01 6.153846153846154188e-01
1.538461538461538547e-01 2.564102564102563875e-01 5.897435897435897578e-01
1.538461538461538547e-01 2.820512820512820484e-01 5.641025641025640969e-01
1.538461538461538547e-01 3.076923076923077094e-01 5.384615384615384359e-01
1.794871794871794879e-01 0.000000000000000000e+00 8.205128205128204844e-01
1.794871794871794879e-01 2.564102564102564014e-02 7.948717948717948234e-01
1.794871794871794879e-01 5.128205128205128027e-02 7.692307692307691624e-01
1.794871794871794879e-01 7.692307692307692735e-02 7.435897435897436125e-01
1.794871794871794879e-01 1.025641025641025605e-01 7.179487179487179516e-01
1.794871794871794879e-01 1.282051282051281937e-01 6.923076923076922906e-01
1.794871794871794879e-01 1.538461538461538547e-01 6.666666666666666297e-01
1.794871794871794879e-01 1.794871794871794879e-01 6.410256410256409687e-01
1.794871794871794879e-01 2.051282051282051211e-01 6.153846153846154188e-01
1.794871794871794879e-01 2.307692307692307543e-01 5.897435897435897578e-01
1.794871794871794879e-01 2.564102564102563875e-01 5.641025641025640969e-01
1.794871794871794879e-01 2.820512820512820484e-01 5.384615384615384359e-01
2.051282051282051211e-01 0.000000000000000000e+00 7.948717948717949344e-01
2.051282051282051211e-01 2.564102564102564014e-02 7.692307692307692735e-01
2.051282051282051211e-01 5.128205128205128027e-02 7.435897435897436125e-01
2.051282051282051211e-01 7.692307692307692735e-02 7.179487179487180626e-01
2.051282051282051211e-01 1.025641025641025605e-01 6.923076923076924016e-01
2.051282051282051211e-01 1.282051282051281937e-01 6.666666666666667407e-01
2.051282051282051211e-01 1.538461538461538547e-01 6.410256410256410797e-01
2.051282051282051211e-01 1.794871794871794879e-01 6.153846153846154188e-01
2.051282051282051211e-01 2.051282051282051211e-01 5.897435897435898688e-01
2.051282051282051211e-01 2.307692307692307543e-01 5.641025641025642079e-01
2.051282051282051211e-01 2.564102564102563875e-01 5.384615384615385469e-01
2.307692307692307543e-01 0.000000000000000000e+00 7.692307692307692735e-01
2.307692307692307543e-01 2.564102564102564014e-02 7.435897435897436125e-01
2.307692307692307543e-01 5.128205128205128027e-02 7.179487179487179516e-01
2.307692307692307543e-01 7.692307692307692735e-02 6.923076923076922906e-01
2.307692307692307543e-01 1.025641025641025605e-01 6.666666666666667407e-01
2.307692307692307543e-01 1.282051282051281937e-01 6.410256410256410797e-01
2.307692307692307543e-01 1.538461538461538547e-01 6.153846153846154188e-01
2.307692307692307543e-01 1.794871794871794879e-01 5.897435897435897578e-01
2.307692307692307543e-01 2.051282051282051211e-01 5.641025641025640969e-01
2.307692307692307543e-01 2.307692307692307543e-01 5.384615384615385469e-01
2.564102564102563875e-01 0.000000000000000000e+00 7.435897435897436125e-01
2.564102564102563875e-01 2.564102564102564014e-02 7.179487179487179516e-01
2.564102564102563875e-01 5.128205128205128027e-02 6.923076923076922906e-01
2.564102564102563875e-01 7.692307692307692735e-02 6.666666666666667407e-01
2.564102564102563875e-01 1.025641025641025605e-01 6.410256410256410797e-01
2.564102564102563875e-01 1.282051282051281937e-01 6.153846153846154188e-01
2.564102564102563875e-01 1.538461538461538547e-01 5.897435897435897578e-01
2.564102564102563875e-01 1.794871794871794879e-01 5.641025641025640969e-01
2.564102564102563875e-01 2.051282051282051211e-01 5.384615384615385469e-01
2.820512820512820484e-01 0.000000000000000000e+00 7.179487179487179516e-01
2.820512820512820484e-01 2.564102564102564014e-02 6.923076923076922906e-01
2.820512820512820484e-01 5.128205128205128027e-02 6.666666666666666297e-01
2.820512820512820484e-01 7.692307692307692735e-02 6.410256410256409687e-01
2.820512820512820484e-01 1.025641025641025605e-01 6.153846153846154188e-01
2.820512820512820484e-01 1.282051282051281937e-01 5.897435897435897578e-01
2.820512820512820484e-01 1.538461538461538547e-01 5.641025641025640969e-01
3.076923076923077094e-01 0.000000000000000000e+00 6.923076923076922906e-01
3.076923076923077094e-01 2.564102564102564014e-02 6.666666666666666297e-01
3.076923076923077094e-01 5.128205128205128027e-02 6.410256410256409687e-01
3.076923076923077094e-01 7.692307692307692735e-02 6.153846153846154188e-01
3.076923076923077094e-01 1.025641025641025605e-01 5.897435897435897578e-01
3.076923076923077094e-01 1.282051282051281937e-01 5.641025641025640969e-01
3.333333333333333148e-01 0.000000000000000000e+00 6.666666666666667407e-01
3.333333333333333148e-01 2.564102564102564014e-02 6.410256410256410797e-01
3.333333333333333148e-01 5.128205128205128027e-02 6.153846153846154188e-01
3.333333333333333148e-01 7.692307692307692735e-02 5.897435897435898688e-01
3.333333333333333148e-01 1.025641025641025605e-01 5.641025641025642079e-01
3.589743589743589758e-01 0.000000000000000000e+00 6.410256410256409687e-01
3.589743589743589758e-01 2.564102564102564014e-02 6.153846153846153078e-01
3.589743589743589758e-01 5.128205128205128027e-02 5.897435897435896468e-01
3.589743589743589758e-01 7.692307692307692735e-02 5.641025641025640969e-01
3.589743589743589758e-01 1.025641025641025605e-01 5.384615384615384359e-01
3.846153846153845812e-01 0.000000000000000000e+00 6.153846153846154188e-01
3.846153846153845812e-01 2.564102564102564014e-02 5.897435897435897578e-01
3.846153846153845812e-01 5.128205128205128027e-02 5.641025641025640969e-01
3.846153846153845812e-01 7.692307692307692735e-02 5.384615384615385469e-01
4.102564102564102422e-01 0.000000000000000000e+00 5.897435897435897578e-01
4.102564102564102422e-01 2.564102564102564014e-02 5.641025641025640969e-01
4.102564102564102422e-01 5.128205128205128027e-02 5.384615384615384359e-01
4.358974358974359031e-01 0.000000000000000000e+00 5.641025641025640969e-01
4.358974358974359031e-01 2.564102564102564014e-02 5.384615384615384359e-01
4.615384615384615086e-01 0.000000000000000000e+00 5.384615384615385469e-01
4.615384615384615086e-01 2.564102564102564014e-02 5.128205128205128860e-01
5.384615384615384359e-01 0.000000000000000000e+00 4.615384615384615641e-01
5.641025641025640969e-01 0.000000000000000000e+00 4.358974358974359031e-01
5.641025641025640969e-01 2.564102564102564014e-02 4.102564102564102422e-01
5.897435897435897578e-01 0.000000000000000000e+00 4.102564102564102422e-01
5.897435897435897578e-01 2.564102564102564014e-02 3.846153846153845812e-01
6.153846153846154188e-01 0.000000000000000000e+00 3.846153846153845812e-01
6.153846153846154188e-01 2.564102564102564014e-02 3.589743589743589203e-01
6.410256410256409687e-01 0.000000000000000000e+00 3.589743589743590313e-01
6.410256410256409687e-01 2.564102564102564014e-02 3.333333333333333703e-01
6.666666666666666297e-01 0.000000000000000000e+00 3.333333333333333703e-01
6.666666666666666297e-01 2.564102564102564014e-02 3.076923076923077094e-01
6.923076923076922906e-01 0.000000000000000000e+00 3.076923076923077094e-01
6.923076923076922906e-01 2.564102564102564014e-02 2.820512820512820484e-01
6.923076923076922906e-01 5.128205128205128027e-02 2.564102564102564430e-01
7.179487179487179516e-01 0.000000000000000000e+00 2.820512820512820484e-01
7.179487179487179516e-01 2.564102564102564014e-02 2.564102564102563875e-01
7.435897435897436125e-01 0.000000000000000000e+00 2.564102564102563875e-01
7.435897435897436125e-01 2.564102564102564014e-02 2.307692307692307543e-01
7.692307692307691624e-01 0.000000000000000000e+00 2.307692307692308376e-01
7.692307692307691624e-01 2.564102564102564014e-02 2.051282051282052044e-01
7.948717948717948234e-01 0.000000000000000000e+00 2.051282051282051766e-01
7.948717948717948234e-01 2.564102564102564014e-02 1.794871794871795434e-01
8.205128205128204844e-01 0.000000000000000000e+00 1.794871794871795156e-01
8.205128205128204844e-01 2.564102564102564014e-02 1.538461538461538824e-01
8.461538461538461453e-01 0.000000000000000000e+00 1.538461538461538547e-01
8.461538461538461453e-01 2.564102564102564014e-02 1.282051282051282215e-01
8.717948717948718063e-01 0.000000000000000000e+00 1.282051282051281937e-01
8.717948717948718063e-01 2.564102564102564014e-02 1.025641025641025605e-01
8.974358974358973562e-01 0.000000000000000000e+00 1.025641025641026438e-01
8.974358974358973562e-01 2.564102564102564014e-02 7.692307692307701061e-02
9.230769230769230171e-01 0.000000000000000000e+00 7.692307692307698286e-02
9.487179487179486781e-01 0.000000000000000000e+00 5.128205128205132191e-02
9.743589743589743390e-01 0.000000000000000000e+00 2.564102564102566095e-02
1.000000000000000000e+00 0.000000000000000000e+00 0.000000000000000000e+00
